-1 255,0,0
-0.979798 252,0,2
-0.959596 249,0,5
-0.9393939 247,0,7
-0.9191919 244,0,10
-0.8989899 242,0,12
-0.8787879 239,0,15
-0.8585859 236,0,18
-0.8383838 234,0,20
-0.8181818 231,0,23
-0.7979798 229,0,25
-0.7777778 226,0,28
-0.7575758 224,0,30
-0.7373737 221,0,33
-0.7171717 218,0,36
-0.6969697 216,0,38
-0.6767677 213,0,41
-0.6565657 211,0,43
-0.6363636 208,0,46
-0.6161616 206,0,48
-0.5959596 203,0,51
-0.5757576 200,0,54
-0.5555556 198,0,56
-0.5353535 195,0,59
-0.5151515 193,0,61
-0.4949495 190,0,64
-0.4747475 188,0,66
-0.4545455 185,0,69
-0.4343434 182,0,72
-0.4141414 180,0,74
-0.3939394 177,0,77
-0.3737374 175,0,79
-0.3535354 172,0,82
-0.3333333 170,0,85
-0.3131313 167,0,87
-0.2929293 164,0,90
-0.2727273 162,0,92
-0.2525253 159,0,95
-0.2323232 157,0,97
-0.2121212 154,0,100
-0.1919192 151,0,103
-0.1717172 149,0,105
-0.1515152 146,0,108
-0.1313131 144,0,110
-0.1111111 141,0,113
-0.09090909 139,0,115
-0.07070707 136,0,118
-0.05050505 133,0,121
-0.03030303 131,0,123
-0.01010101 128,0,126
0.01010101 126,0,128
0.03030303 123,0,131
0.05050505 121,0,133
0.07070707 118,0,136
0.09090909 115,0,139
0.1111111 113,0,141
0.1313131 110,0,144
0.1515152 108,0,146
0.1717172 105,0,149
0.1919192 103,0,151
0.2121212 100,0,154
0.2323232 97,0,157
0.2525253 95,0,159
0.2727273 92,0,162
0.2929293 90,0,164
0.3131313 87,0,167
0.3333333 84,0,170
0.3535354 82,0,172
0.3737374 79,0,175
0.3939394 77,0,177
0.4141414 74,0,180
0.4343434 72,0,182
0.4545455 69,0,185
0.4747475 66,0,188
0.4949495 64,0,190
0.5151515 61,0,193
0.5353535 59,0,195
0.5555556 56,0,198
0.5757576 54,0,200
0.5959596 51,0,203
0.6161616 48,0,206
0.6363636 46,0,208
0.6565657 43,0,211
0.6767677 41,0,213
0.6969697 38,0,216
0.7171717 36,0,218
0.7373737 33,0,221
0.7575758 30,0,224
0.7777778 28,0,226
0.7979798 25,0,229
0.8181818 23,0,231
0.8383838 20,0,234
0.8585859 18,0,236
0.8787879 15,0,239
0.8989899 12,0,242
0.9191919 10,0,244
0.9393939 7,0,247
0.959596 5,0,249
0.979798 2,0,252
1 0,0,255
nv 0,0,0,0
